0.6233603954315186
0.8965446949005127
1.03220796585083
1.4842021465301514
1.5489273071289062
2.3240842819213867
2.6566884517669678
3.381563186645508
3.233538866043091
3.952012777328491
5.124555826187134
4.982375860214233
5.910107374191284
7.119015455245972
7.851842164993286
17.998014211654663
17.32229495048523
12.34134817123413
12.76581597328186
13.271615266799927
12.885040760040283
14.857213497161865
15.903583765029907
17.218644618988037
19.299262762069702
20.279446840286255
22.017318964004517
37.49553084373474
36.115535736083984
27.811214208602905
31.396344661712646
32.81170439720154
35.43277096748352
38.818119525909424
41.06184267997742
47.85467171669006
47.93604254722595
57.81992959976196
56.629892349243164
61.21358346939087
