4.41585636138916
4.418247222900391
4.560908317565918
4.761837720870972
4.88759970664978
5.080160617828369
5.062342405319214
5.782155990600586
5.284762144088745
5.886017560958862
5.8147149085998535
5.754851341247559
5.884363412857056
5.460713863372803
7.978349685668945
7.10245680809021
8.509557485580444
9.911214828491211
8.428548812866211
9.480581521987915
8.8162620067596436
9.730298280715942
9.394648313522339
8.818847179412842
8.869347333908081
7.48490047454834
8.848785400390625
8.238068580627441
9.89667558670044
9.154050588607788
4.88364052772522
8.063805818557739
9.624549388885498
9.032181978225708
7.9790143966674805
9.285868167877197
9.955681800842285
9.455082893371582
10.1300952434539795
10.175511121749878
